"n1";"n2";"m1";"m2";"sd1";"sd2";"p_cohen";"d_cohen";"g_cohen";"p_glass1";"d_glass1";"g_glass1";"p_glass2";"d_glass2";"g_glass2";"p'_cohen";"d'_cohen";"g'_cohen";"p_shieh";"d_shieh";"g_shieh"
"1";100;100;0;0;1;0,1;0,09219;0,09219;0,09219;0,09077;0,09076;0,09076;0,09077;0,09076;0,09076;0,09087;0,09087;0,09087;0,09087;0,09087;0,09087
"2";100;100;0;0;1;0,25;0,08532;0,08532;0,08532;0,08399;0,08399;0,08399;0,08399;0,08399;0,08399;0,08446;0,08446;0,08446;0,08446;0,08446;0,08446
"3";100;100;0;0;1;0,5;0,06486;0,06486;0,06486;0,06362;0,06362;0,06362;0,06362;0,06362;0,06362;0,06452;0,06451;0,06451;0,06452;0,06451;0,06451
"4";100;100;0;0;1;1;0,04502;0,04501;0,04501;0,04358;0,04358;0,04358;0,04358;0,04358;0,04358;0,04444;0,04444;0,04444;0,04444;0,04444;0,04444
"5";100;100;0;0;1;10;0,09204;0,09204;0,09204;0,0906;0,09058;0,09058;0,0906;0,0906;0,0906;0,09072;0,09072;0,09072;0,09072;0,09072;0,09072
"6";100;100;0;0;1;2;0,06339;0,06338;0,06338;0,06194;0,06193;0,06193;0,06194;0,06194;0,06194;0,06301;0,06301;0,06301;0,06301;0,06301;0,06301
"7";100;100;0;0;1;4;0,08551;0,08551;0,08551;0,08426;0,08425;0,08425;0,08426;0,08426;0,08426;0,08477;0,08477;0,08477;0,08477;0,08477;0,08477
"8";100;100;1;0;1;0,1;0,99999;0,99999;0,99999;0,99999;0,99999;0,99999;0,99999;0,99999;0,99999;0,99999;0,99999;0,99999;0,99999;0,99999;0,99999
"9";100;100;1;0;1;0,25;1;1;1;1;1;1;1;1;1;1;1;1;1;1;1
"10";100;100;1;0;1;0,5;0,99998;0,99998;0,99998;0,99998;0,99998;0,99998;0,99998;0,99998;0,99998;0,99998;0,99998;0,99998;0,99998;0,99998;0,99998
"11";100;100;1;0;1;1;0,99878;0,99878;0,99878;0,99876;0,99876;0,99876;0,99876;0,99876;0,99876;0,99877;0,99877;0,99877;0,99877;0,99877;0,99877
"12";100;100;1;0;1;10;0,309;0,309;0,309;0,30648;0,30648;0,30648;0,30648;0,30648;0,30648;0,30671;0,30671;0,30671;0,30671;0,30671;0,30671
"13";100;100;1;0;1;2;0,95466;0,95466;0,95466;0,95392;0,95392;0,95392;0,95392;0,95392;0,95392;0,95415;0,95415;0,95415;0,95415;0,95415;0,95415
"14";100;100;1;0;1;4;0,68657;0,68657;0,68657;0,68396;0,68396;0,68396;0,68396;0,68396;0,68396;0,68442;0,68441;0,68441;0,68442;0,68441;0,68441
"15";100;20;0;0;1;0,1;0,00616;0,00616000000000005;0,00616000000000005;0,0843;0,0843;0,0843;0,07262;0,07262;0,07262;0,08438;0,08438;0,08438;0,08451;0,08451;0,08451
"16";100;20;0;0;1;0,25;0,01013;0,01013;0,01013;0,05795;0,0579499999999999;0,0579499999999999;0,04672;0,04672;0,04672;0,05802;0,05802;0,05802;0,05678;0,0567800000000001;0,0567800000000001
"17";100;20;0;0;1;0,5;0,01916;0,01916;0,01916;0,04396;0,04396;0,04396;0,03253;0,0325299999999999;0,0325299999999999;0,04334;0,04333;0,04333;0,04188;0,04188;0,04188
"18";100;20;0;0;1;1;0,04659;0,04658;0,04658;0,10556;0,10556;0,10556;0,09236;0,09236;0,09236;0,10529;0,10527;0,10527;0,10341;0,10341;0,10341
"19";100;20;0;0;1;10;0,44574;0,44573;0,44573;0,17541;0,17541;0,17541;0,16425;0,16425;0,16425;0,16554;0,16553;0,16553;0,16451;0,16451;0,16451
"20";100;20;0;0;1;2;0,20756;0,20755;0,20755;0,15699;0,15697;0,15697;0,14439;0,14439;0,14439;0,15511;0,15511;0,15511;0,15003;0,15003;0,15003
"21";100;20;0;0;1;4;0,37163;0,37163;0,37163;0,17159;0,17159;0,17159;0,16008;0,16008;0,16008;0,16542;0,16542;0,16542;0,16172;0,16171;0,16171
"22";100;20;1;0;1;0,1;0,99822;0,99822;0,99822;1;1;1;1;1;1;1;1;1;1;1;1
"23";100;20;1;0;1;0,25;0,99813;0,99813;0,99813;0,99977;0,99977;0,99977;0,99968;0,99968;0,99968;0,99975;0,99975;0,99975;0,9997;0,9997;0,9997
"24";100;20;1;0;1;0,5;0,99413;0,99412;0,99412;0,99035;0,99035;0,99035;0,98899;0,98899;0,98899;0,98979;0,98979;0,98979;0,98925;0,98925;0,98925
"25";100;20;1;0;1;1;0,9526;0,95259;0,95259;0,90562;0,90562;0,90562;0,89654;0,89654;0,89654;0,90163;0,90163;0,90163;0,89817;0,89817;0,89817
"26";100;20;1;0;1;10;0,53274;0,53274;0,53274;0,28787;0,28787;0,28787;0,27271;0,27271;0,27271;0,27409;0,27409;0,27409;0,27309;0,27309;0,27309
"27";100;20;1;0;1;2;0,82288;0,82287;0,82287;0,68698;0,68697;0,68697;0,66851;0,66851;0,66851;0,67647;0,67646;0,67646;0,67099;0,67099;0,67099
"28";100;20;1;0;1;4;0,65661;0,65661;0,65661;0,45635;0,45635;0,45635;0,43832;0,43832;0,43832;0,44336;0,44336;0,44336;0,43932;0,43932;0,43932
"29";100;50;0;0;1;0,1;0,03731;0,03731;0,03731;0,08948;0,08948;0,08948;0,08669;0,08668;0,08668;0,08962;0,08962;0,08962;0,08979;0,08979;0,08979
"30";100;50;0;0;1;0,25;0,03679;0,03679;0,03679;0,07581;0,07581;0,07581;0,07299;0,07299;0,07299;0,07641;0,07641;0,07641;0,07641;0,07641;0,07641
"31";100;50;0;0;1;0,5;0,03644;0,03644;0,03644;0,04938;0,04938;0,04938;0,0464;0,0464;0,0464;0,04991;0,04991;0,04991;0,04964;0,04964;0,04964
"32";100;50;0;0;1;1;0,04355;0,04355;0,04355;0,05267;0,05267;0,05267;0,04973;0,04972;0,04972;0,05282;0,05281;0,05281;0,05268;0,0526799999999999;0,0526799999999999
"33";100;50;0;0;1;10;0,2188;0,2188;0,2188;0,11805;0,11805;0,11805;0,11537;0,11537;0,11537;0,11573;0,11573;0,11573;0,11555;0,11555;0,11555
"34";100;50;0;0;1;2;0,12184;0,12183;0,12183;0,09132;0,09132;0,09132;0,08835;0,08835;0,08835;0,09143;0,0914199999999999;0,0914199999999999;0,09083;0,09082;0,09082
"35";100;50;0;0;1;4;0,19117;0,19117;0,19117;0,11193;0,11193;0,11193;0,10902;0,10902;0,10902;0,11064;0,11064;0,11064;0,10995;0,10995;0,10995
"36";100;50;1;0;1;0,1;0,99989;0,99989;0,99989;1;1;1;1;1;1;1;1;1;1;1;1
"37";100;50;1;0;1;0,25;0,99991;0,99991;0,99991;0,99999;0,99999;0,99999;0,99999;0,99999;0,99999;0,99999;0,99999;0,99999;0,99999;0,99999;0,99999
"38";100;50;1;0;1;0,5;0,99971;0,99971;0,99971;0,99947;0,99947;0,99947;0,99945;0,99945;0,99945;0,99945;0,99945;0,99945;0,99945;0,99945;0,99945
"39";100;50;1;0;1;1;0,99346;0,99346;0,99346;0,98592;0,98592;0,98592;0,98533;0,98533;0,98533;0,98562;0,98562;0,98562;0,9855;0,9855;0,9855
"40";100;50;1;0;1;10;0,39658;0,39658;0,39658;0,27338;0,27338;0,27338;0,26855;0,26855;0,26855;0,26889;0,26889;0,26889;0,26874;0,26874;0,26874
"41";100;50;1;0;1;2;0,90705;0,90705;0,90705;0,84649;0,84647;0,84647;0,84275;0,84275;0,84275;0,84443;0,84443;0,84443;0,84367;0,84366;0,84366
"42";100;50;1;0;1;4;0,66835;0,66835;0,66835;0,54789;0,54789;0,54789;0,54203;0,54203;0,54203;0,54365;0,54365;0,54365;0,54299;0,54299;0,54299
"43";20;100;0;0;1;0,1;0,44469;0,44468;0,44468;0,16753;0,16753;0,16753;0,17868;0,17868;0,17868;0,16888;0,16888;0,16888;0,16787;0,16787;0,16787
"44";20;100;0;0;1;0,25;0,3731;0,3731;0,3731;0,16029;0,16029;0,16029;0,17235;0,17235;0,17235;0,16559;0,16559;0,16559;0,16217;0,16217;0,16217
"45";20;100;0;0;1;0,5;0,20957;0,20957;0,20957;0,14492;0,14492;0,14492;0,1567;0,15669;0,15669;0,15496;0,15496;0,15496;0,15025;0,15025;0,15025
"46";20;100;0;0;1;1;0,0478;0,0478;0,0478;0,09201;0,09201;0,09201;0,10581;0,10579;0,10579;0,10535;0,10535;0,10535;0,10367;0,10367;0,10367
"47";20;100;0;0;1;10;0,00717;0,00717000000000001;0,00717000000000001;0,07352;0,07351;0,07351;0,08504;0,08504;0,08504;0,0851;0,0851;0,0851;0,08514;0,08514;0,08514
"48";20;100;0;0;1;2;0,02036;0,02036;0,02036;0,03345;0,03345;0,03345;0,04539;0,04539;0,04539;0,04488;0,04488;0,04488;0,04314;0,04314;0,04314
"49";20;100;0;0;1;4;0,0104;0,0104;0,0104;0,04617;0,04617;0,04617;0,05716;0,05716;0,05716;0,05722;0,05722;0,05722;0,05589;0,05589;0,05589
"50";20;100;1;0;1;0,1;1;1;1;0,99749;0,99749;0,99749;0,99838;0,99838;0,99838;0,99749;0,99749;0,99749;0,99749;0,99749;0,99749
"51";20;100;1;0;1;0,25;1;1;1;0,99726;0,99726;0,99726;0,99822;0,99822;0,99822;0,99726;0,99726;0,99726;0,99726;0,99726;0,99726
"52";20;100;1;0;1;0,5;0,99922;0,99922;0,99922;0,99722;0,99722;0,99722;0,99838;0,99838;0,99838;0,99738;0,99738;0,99738;0,9973;0,9973;0,9973
"53";20;100;1;0;1;1;0,96342;0,96341;0,96341;0,99215;0,99215;0,99215;0,99438;0,99438;0,99438;0,99347;0,99347;0,99347;0,9931;0,9931;0,9931
"54";20;100;1;0;1;10;0,04487;0,04486;0,04486;0,26988;0,26988;0,26988;0,29157;0,29157;0,29157;0,29171;0,29171;0,29171;0,29188;0,29186;0,29186
"55";20;100;1;0;1;2;0,65514;0,65513;0,65513;0,90699;0,90699;0,90699;0,92095;0,92095;0,92095;0,92057;0,92057;0,92057;0,91923;0,9192;0,9192
"56";20;100;1;0;1;4;0,23293;0,2329;0,2329;0,60791;0,60789;0,60789;0,63721;0,63721;0,63721;0,63752;0,63752;0,63752;0,6368;0,63678;0,63678
"57";20;20;0;0;1;0,1;0,17056;0,17056;0,17056;0,1638;0,1638;0,1638;0,1638;0,1638;0,1638;0,16497;0,16497;0,16497;0,16497;0,16497;0,16497
"58";20;20;0;0;1;0,25;0,14863;0,14863;0,14863;0,14094;0,14094;0,14094;0,14094;0,14094;0,14094;0,14535;0,14535;0,14535;0,14535;0,14535;0,14535
"59";20;20;0;0;1;0,5;0,09345;0,09345;0,09345;0,08532;0,08532;0,08532;0,08532;0,08532;0,08532;0,09121;0,09121;0,09121;0,09121;0,09121;0,09121
"60";20;20;0;0;1;1;0,03445;0,03445;0,03445;0,02767;0,02767;0,02767;0,02767;0,02767;0,02767;0,02993;0,02993;0,02993;0,02993;0,02993;0,02993
"61";20;20;0;0;1;10;0,17126;0,17126;0,17126;0,16405;0,16405;0,16405;0,16405;0,16404;0,16404;0,16526;0,16526;0,16526;0,16526;0,16526;0,16526
"62";20;20;0;0;1;2;0,09237;0,09237;0,09237;0,0844;0,0844;0,0844;0,0844;0,0844;0,0844;0,08989;0,08989;0,08989;0,08989;0,08989;0,08989
"63";20;20;0;0;1;4;0,15071;0,15071;0,15071;0,14277;0,14277;0,14277;0,14277;0,14277;0,14277;0,14737;0,14737;0,14737;0,14737;0,14737;0,14737
"64";20;20;1;0;1;0,1;0,99786;0,99786;0,99786;0,99712;0,99712;0,99712;0,99712;0,99712;0,99712;0,99713;0,99713;0,99713;0,99713;0,99713;0,99713
"65";20;20;1;0;1;0,25;0,99725;0,99725;0,99725;0,99639;0,99639;0,99639;0,99639;0,99639;0,99639;0,99649;0,99649;0,99649;0,99649;0,99649;0,99649
"66";20;20;1;0;1;0,5;0,97938;0,97937;0,97937;0,97643;0,97643;0,97643;0,97643;0,97643;0,97643;0,97793;0,97793;0,97793;0,97793;0,97793;0,97793
"67";20;20;1;0;1;1;0,87055;0,87055;0,87055;0,86079;0,86079;0,86079;0,86079;0,86079;0,86079;0,86668;0,86668;0,86668;0,86668;0,86668;0,86668
"68";20;20;1;0;1;10;0,27922;0,27922;0,27922;0,27019;0,27019;0,27019;0,27019;0,27019;0,27019;0,27123;0,27123;0,27123;0,27123;0,27123;0,27123
"69";20;20;1;0;1;2;0,64414;0,64412;0,64412;0,63033;0,63032;0,63032;0,63033;0,63033;0,63033;0,63768;0,63768;0,63768;0,63768;0,63768;0,63768
"70";20;20;1;0;1;4;0,43247;0,43247;0,43247;0,41991;0,41991;0,41991;0,41991;0,41991;0,41991;0,4244;0,4244;0,4244;0,4244;0,4244;0,4244
"71";20;50;0;0;1;0,1;0,30219;0,30219;0,30219;0,16466;0,16466;0,16466;0,17336;0,17334;0,17334;0,16594;0,16594;0,16594;0,16517;0,16517;0,16517
"72";20;50;0;0;1;0,25;0,25837;0,25836;0,25836;0,15544;0,15544;0,15544;0,16454;0,16454;0,16454;0,16075;0,16075;0,16075;0,15841;0,15841;0,15841
"73";20;50;0;0;1;0,5;0,15491;0,15491;0,15491;0,12581;0,12581;0,12581;0,13561;0,13561;0,13561;0,13575;0,13575;0,13575;0,13363;0,13363;0,13363
"74";20;50;0;0;1;1;0,0416;0,0416;0,0416;0,05506;0,05506;0,05506;0,06474;0,06474;0,06474;0,06476;0,06476;0,06476;0,06463;0,06462;0,06462
"75";20;50;0;0;1;10;0,04511;0,04511;0,04511;0,10477;0,10477;0,10477;0,11315;0,11315;0,11315;0,11341;0,1134;0,1134;0,1137;0,1137;0,1137
"76";20;50;0;0;1;2;0,03975;0,03975;0,03975;0,035;0,035;0,035;0,04333;0,04333;0,04333;0,04344;0,04344;0,04344;0,04199;0,04199;0,04199
"77";20;50;0;0;1;4;0,04343;0,04342;0,04342;0,07636;0,07635;0,07635;0,08478;0,08478;0,08478;0,08568;0,08568;0,08568;0,08545;0,08545;0,08545
"78";20;50;1;0;1;0,1;1;1;1;0,99728;0,99728;0,99728;0,99815;0,99815;0,99815;0,99729;0,99729;0,99729;0,99729;0,99728;0,99728
"79";20;50;1;0;1;0,25;0,99991;0,99991;0,99991;0,99687;0,99687;0,99687;0,9978;0,9978;0,9978;0,9969;0,9969;0,9969;0,99687;0,99687;0,99687
"80";20;50;1;0;1;0,5;0,99688;0,99688;0,99688;0,99535;0,99535;0,99535;0,9967;0,9967;0,9967;0,99578;0,99578;0,99578;0,99574;0,99574;0,99574
"81";20;50;1;0;1;1;0,93206;0,93205;0,93205;0,96396;0,96396;0,96396;0,96901;0,96901;0,96901;0,96876;0,96876;0,96876;0,96831;0,96831;0,96831
"82";20;50;1;0;1;10;0,12884;0,12884;0,12884;0,25171;0,2517;0,2517;0,26638;0,26638;0,26638;0,26671;0,26671;0,26671;0,26705;0,26705;0,26705
"83";20;50;1;0;1;2;0,64895;0,64895;0,64895;0,77796;0,77795;0,77795;0,79479;0,79479;0,79479;0,79592;0,79592;0,79592;0,79579;0,79579;0,79579
"84";20;50;1;0;1;4;0,32517;0,32516;0,32516;0,49139;0,49137;0,49137;0,51196;0,51196;0,51196;0,51307;0,51306;0,51306;0,51373;0,51371;0,51371
"85";50;100;0;0;1;0,1;0,21948;0,21948;0,21948;0,11747;0,11747;0,11747;0,1205;0,1205;0,1205;0,11782;0,11782;0,11782;0,11767;0,11767;0,11767
"86";50;100;0;0;1;0,25;0,19241;0,1924;0,1924;0,11147;0,11147;0,11147;0,11425;0,11425;0,11425;0,11284;0,11284;0,11284;0,11227;0,11227;0,11227
"87";50;100;0;0;1;0,5;0,12474;0,12473;0,12473;0,09044;0,09044;0,09044;0,09332;0,09332;0,09332;0,09336;0,09336;0,09336;0,09281;0,0928099999999999;0,0928099999999999
"88";50;100;0;0;1;1;0,04389;0,04389;0,04389;0,04927;0,04926;0,04926;0,05197;0,05197;0,05197;0,05239;0,05239;0,05239;0,05239;0,05239;0,05239
"89";50;100;0;0;1;10;0,0371;0,0371;0,0371;0,08613;0,08613;0,08613;0,08908;0,08908;0,08908;0,08914;0,08913;0,08913;0,08921;0,08921;0,08921
"90";50;100;0;0;1;2;0,03508;0,03508;0,03508;0,04618;0,04618;0,04618;0,04886;0,04886;0,04886;0,04925;0,04925;0,04925;0,04902;0,04902;0,04902
"91";50;100;0;0;1;4;0,03609;0,03609;0,03609;0,0715;0,0714900000000001;0,0714900000000001;0,07422;0,07422;0,07422;0,07476;0,07474;0,07474;0,07485;0,07485;0,07485
"92";50;100;1;0;1;0,1;1;1;1;0,99992;0,99992;0,99992;0,99992;0,99992;0,99992;0,99992;0,99992;0,99992;0,99992;0,99992;0,99992
"93";50;100;1;0;1;0,25;1;1;1;0,99992;0,99992;0,99992;0,99992;0,99992;0,99992;0,99992;0,99992;0,99992;0,99992;0,99992;0,99992
"94";50;100;1;0;1;0,5;0,99991;0,99991;0,99991;0,99993;0,99993;0,99993;0,99995;0,99995;0,99995;0,99993;0,99993;0,99993;0,99993;0,99993;0,99993
"95";50;100;1;0;1;1;0,99526;0,99526;0,99526;0,99828;0,99828;0,99828;0,99842;0,99842;0,99842;0,9984;0,9984;0,9984;0,9984;0,9984;0,9984
"96";50;100;1;0;1;10;0,16894;0,16894;0,16894;0,29636;0,29635;0,29635;0,30196;0,30196;0,30196;0,30211;0,30209;0,30209;0,30229;0,30228;0,30228
"97";50;100;1;0;1;2;0,88506;0,88504;0,88504;0,94432;0,94432;0,94432;0,94649;0,94649;0,94649;0,94671;0,94671;0,94671;0,9468;0,94679;0,94679
"98";50;100;1;0;1;4;0,50897;0,50896;0,50896;0,6693;0,66929;0,66929;0,67521;0,67521;0,67521;0,67564;0,67563;0,67563;0,67611;0,6761;0,6761
"99";50;20;0;0;1;0,1;0,04393;0,04393;0,04393;0,1133;0,1133;0,1133;0,10455;0,10454;0,10454;0,11353;0,11353;0,11353;0,1138;0,1138;0,1138
"100";50;20;0;0;1;0,25;0,04405;0,04405;0,04405;0,08556;0,08556;0,08556;0,07672;0,0767099999999999;0,0767099999999999;0,08653;0,08653;0,08653;0,08623;0,08623;0,08623
"101";50;20;0;0;1;0,5;0,04002;0,0400199999999999;0,0400199999999999;0,04396;0,04396;0,04396;0,03601;0,03601;0,03601;0,04382;0,04382;0,04382;0,04254;0,04254;0,04254
"102";50;20;0;0;1;1;0,04281;0,04281;0,04281;0,06514;0,06514;0,06514;0,05546;0,05546;0,05546;0,06492;0,06492;0,06492;0,06478;0,06477;0,06477
"103";50;20;0;0;1;10;0,30659;0,30658;0,30658;0,17676;0,17676;0,17676;0,16783;0,16783;0,16783;0,16921;0,16921;0,16921;0,16849;0,16849;0,16849
"104";50;20;0;0;1;2;0,15292;0,15292;0,15292;0,13638;0,13638;0,13638;0,12649;0,12649;0,12649;0,13661;0,13661;0,13661;0,13437;0,13436;0,13436
"105";50;20;0;0;1;4;0,25875;0,25875;0,25875;0,16379;0,16377;0,16377;0,15454;0,15454;0,15454;0,15993;0,15993;0,15993;0,1576;0,1576;0,1576
"106";50;20;1;0;1;0,1;0,99757;0,99757;0,99757;0,99996;0,99996;0,99996;0,99995;0,99995;0,99995;0,99996;0,99996;0,99996;0,99996;0,99996;0,99996
"107";50;20;1;0;1;0,25;0,99691;0,99691;0,99691;0,99946;0,99946;0,99946;0,99935;0,99935;0,99935;0,99944;0,99944;0,99944;0,99944;0,99944;0,99944
"108";50;20;1;0;1;0,5;0,99125;0,99125;0,99125;0,98854;0,98854;0,98854;0,98732;0,98732;0,98732;0,98815;0,98815;0,98815;0,98784;0,98784;0,98784
"109";50;20;1;0;1;1;0,93321;0,9332;0,9332;0,89947;0,89947;0,89947;0,8916;0,8916;0,8916;0,89705;0,89705;0,89705;0,89482;0,89482;0,89482
"110";50;20;1;0;1;10;0,41526;0,41526;0,41526;0,28257;0,28257;0,28257;0,27132;0,27132;0,27132;0,27242;0,27242;0,27242;0,27176;0,27176;0,27176
"111";50;20;1;0;1;2;0,76721;0,76721;0,76721;0,67563;0,67562;0,67562;0,66146;0,66146;0,66146;0,66918;0,66918;0,66918;0,66568;0,66568;0,66568
"112";50;20;1;0;1;4;0,57227;0,57227;0,57227;0,44409;0,44409;0,44409;0,42944;0,42944;0,42944;0,43425;0,43424;0,43424;0,43179;0,43179;0,43179
"113";50;50;0;0;1;0,1;0,1158;0,1158;0,1158;0,11321;0,11321;0,11321;0,11321;0,11321;0,11321;0,11349;0,11349;0,11349;0,11349;0,11349;0,11349
"114";50;50;0;0;1;0,25;0,10739;0,10739;0,10739;0,10448;0,10448;0,10448;0,10448;0,10447;0,10447;0,1058;0,1058;0,1058;0,1058;0,1058;0,1058
"115";50;50;0;0;1;0,5;0,07502;0,07502;0,07502;0,07217;0,07217;0,07217;0,07217;0,07216;0,07216;0,07409;0,07409;0,07409;0,07409;0,07409;0,07409
"116";50;50;0;0;1;1;0,04171;0,0417;0,0417;0,03856;0,03856;0,03856;0,03856;0,03856;0,03856;0,04039;0,04039;0,04039;0,04039;0,04039;0,04039
"117";50;50;0;0;1;10;0,11769;0,11769;0,11769;0,11482;0,11481;0,11481;0,11482;0,11482;0,11482;0,11521;0,11521;0,11521;0,11521;0,11521;0,11521
"118";50;50;0;0;1;2;0,07427;0,0742699999999999;0,0742699999999999;0,07151;0,0715;0,0715;0,07151;0,07151;0,07151;0,07358;0,07358;0,07358;0,07358;0,07358;0,07358
"119";50;50;0;0;1;4;0,10577;0,10577;0,10577;0,10308;0,10307;0,10307;0,10308;0,10308;0,10308;0,10435;0,10434;0,10434;0,10435;0,10434;0,10434
"120";50;50;1;0;1;0,1;0,99994;0,99994;0,99994;0,99993;0,99993;0,99993;0,99993;0,99993;0,99993;0,99993;0,99993;0,99993;0,99993;0,99993;0,99993
"121";50;50;1;0;1;0,25;0,99993;0,99993;0,99993;0,99992;0,99992;0,99992;0,99992;0,99992;0,99992;0,99992;0,99992;0,99992;0,99992;0,99992;0,99992
"122";50;50;1;0;1;0,5;0,99951;0,99951;0,99951;0,99946;0,99946;0,99946;0,99946;0,99946;0,99946;0,99947;0,99947;0,99947;0,99947;0,99947;0,99947
"123";50;50;1;0;1;1;0,98233;0,98233;0,98233;0,98167;0,98167;0,98167;0,98167;0,98167;0,98167;0,98202;0,98201;0,98201;0,98202;0,98201;0,98201
"124";50;50;1;0;1;10;0,27413;0,27413;0,27413;0,26976;0,26976;0,26976;0,26976;0,26976;0,26976;0,27012;0,27012;0,27012;0,27012;0,27012;0,27012
"125";50;50;1;0;1;2;0,83451;0,83451;0,83451;0,83071;0,83071;0,83071;0,83071;0,83071;0,83071;0,83232;0,83232;0,83232;0,83232;0,83232;0,83232
"126";50;50;1;0;1;4;0,53621;0,5362;0,5362;0,53039;0,53039;0,53039;0,53039;0,53039;0,53039;0,53181;0,5318;0,5318;0,53181;0,5318;0,5318
