"n1";"n2";"m1";"m2";"sd1";"sd2";"p_cohen";"d_cohen";"g_cohen";"p_glass1";"d_glass1";"g_glass1";"p_glass2";"d_glass2";"g_glass2";"p'_cohen";"d'_cohen";"g'_cohen";"p_shieh";"d_shieh";"g_shieh"
"1";100;100;0;0;1;0,1;0,05176;0,05176;0,05176;0,05053;0,05053;0,05053;0,05053;0,05053;0,05053;0,05053;0,05053;0,05053;0,05053;0,05053;0,05053
"2";100;100;0;0;1;0,25;0,05121;0,0512;0,0512;0,04967;0,04967;0,04967;0,04967;0,04967;0,04967;0,05004;0,05004;0,05004;0,05004;0,05004;0,05004
"3";100;100;0;0;1;0,5;0,05067;0,05067;0,05067;0,04927;0,04927;0,04927;0,04927;0,04927;0,04927;0,05026;0,05026;0,05026;0,05026;0,05026;0,05026
"4";100;100;0;0;1;1;0,05085;0,05085;0,05085;0,04958;0,04958;0,04958;0,04958;0,04958;0,04958;0,05084;0,05084;0,05084;0,05084;0,05084;0,05084
"5";100;100;0;0;1;10;0,05203;0,05203;0,05203;0,05053;0,05053;0,05053;0,05053;0,05053;0,05053;0,05056;0,05055;0,05055;0,05056;0,05055;0,05055
"6";100;100;0;0;1;2;0,05064;0,05064;0,05064;0,0491;0,0491;0,0491;0,0491;0,0491;0,0491;0,05012;0,0501200000000001;0,0501200000000001;0,05012;0,0501200000000001;0,0501200000000001
"7";100;100;0;0;1;4;0,05109;0,05108;0,05108;0,04971;0,04971;0,04971;0,04971;0,04971;0,04971;0,04994;0,04993;0,04993;0,04994;0,04993;0,04993
"8";100;100;1;0;1;0,1;1;1;1;1;1;1;1;1;1;1;1;1;1;1;1
"9";100;100;1;0;1;0,25;1;1;1;1;1;1;1;1;1;1;1;1;1;1;1
"10";100;100;1;0;1;0,5;1;1;1;1;1;1;1;1;1;1;1;1;1;1;1
"11";100;100;1;0;1;1;1;1;1;1;1;1;1;1;1;1;1;1;1;1;1
"12";100;100;1;0;1;10;0,16971;0,16969;0,16969;0,16698;0,16698;0,16698;0,16698;0,16698;0,16698;0,16711;0,1671;0,1671;0,16711;0,1671;0,1671
"13";100;100;1;0;1;2;0,99384;0,99384;0,99384;0,99359;0,99358;0,99358;0,99359;0,99359;0,99359;0,99374;0,99374;0,99374;0,99374;0,99374;0,99374
"14";100;100;1;0;1;4;0,67457;0,67457;0,67457;0,66996;0,66995;0,66995;0,66996;0,66996;0,66996;0,67101;0,671;0,671;0,67101;0,671;0,671
"15";100;20;0;0;1;0,1;5e-05;4,99999999999945e-05;4,99999999999945e-05;0,05058;0,05058;0,05058;0,03939;0,03939;0,03939;0,05064;0,05064;0,05064;0,0508;0,0508;0,0508
"16";100;20;0;0;1;0,25;0,00021;0,000210000000000043;0,000210000000000043;0,04968;0,0496799999999999;0,0496799999999999;0,03845;0,03845;0,03845;0,04991;0,04991;0,04991;0,04995;0,04995;0,04995
"17";100;20;0;0;1;0,5;0,00295;0,00295000000000001;0,00295000000000001;0,05173;0,0517300000000001;0,0517300000000001;0,04032;0,04032;0,04032;0,05212;0,0521200000000001;0,0521200000000001;0,04963;0,04963;0,04963
"18";100;20;0;0;1;1;0,04995;0,04995;0,04995;0,05687;0,05687;0,05687;0,04496;0,04496;0,04496;0,05565;0,05565;0,05565;0,05031;0,05031;0,05031
"19";100;20;0;0;1;10;0,38349;0,38349;0,38349;0,06222;0,0622200000000001;0,0622200000000001;0,05034;0,0503400000000001;0,0503400000000001;0,05069;0,05069;0,05069;0,05043;0,05043;0,05043
"20";100;20;0;0;1;2;0,20165;0,20165;0,20165;0,06063;0,06063;0,06063;0,04944;0,04944;0,04944;0,05476;0,05475;0,05475;0,05092;0,05092;0,05092
"21";100;20;0;0;1;4;0,32426;0,32426;0,32426;0,06195;0,0619499999999999;0,0619499999999999;0,05009;0,05009;0,05009;0,05222;0,05222;0,05222;0,05057;0,05057;0,05057
"22";100;20;1;0;1;0,1;1;1;1;1;1;1;1;1;1;1;1;1;1;1;1
"23";100;20;1;0;1;0,25;1;1;1;1;1;1;1;1;1;1;1;1;1;1;1
"24";100;20;1;0;1;0,5;0,99983;0,99983;0,99983;1;1;1;1;1;1;1;1;1;1;1;1
"25";100;20;1;0;1;1;0,98211;0,98211;0,98211;0,98042;0,98042;0,98042;0,97416;0,97416;0,97416;0,97937;0,97937;0,97937;0,9765;0,9765;0,9765
"26";100;20;1;0;1;10;0,42417;0,42416;0,42416;0,08618;0,08618;0,08618;0,07126;0,07126;0,07126;0,07175;0,07174;0,07174;0,07138;0,07137;0,07137
"27";100;20;1;0;1;2;0,81368;0,81368;0,81368;0,58195;0,58194;0,58194;0,53948;0,53948;0,53948;0,55794;0,55794;0,55794;0,54462;0,54459;0,54459
"28";100;20;1;0;1;4;0,56568;0,56568;0,56568;0,20823;0,20823;0,20823;0,18116;0,18116;0,18116;0,18546;0,18545;0,18545;0,18215;0,18214;0,18214
"29";100;50;0;0;1;0,1;0,00637;0,00636999999999999;0,00636999999999999;0,04961;0,04961;0,04961;0,04699;0,04699;0,04699;0,04966;0,04966;0,04966;0,04969;0,04969;0,04969
"30";100;50;0;0;1;0,25;0,00833;0,00832999999999995;0,00832999999999995;0,04981;0,04981;0,04981;0,04695;0,04695;0,04695;0,05019;0,05019;0,05019;0,05041;0,05041;0,05041
"31";100;50;0;0;1;0,5;0,017;0,017;0,017;0,04837;0,04837;0,04837;0,04515;0,04514;0,04514;0,04935;0,04935;0,04935;0,04942;0,04942;0,04942
"32";100;50;0;0;1;1;0,0506;0,0506;0,0506;0,05034;0,0503400000000001;0,0503400000000001;0,04759;0,04759;0,04759;0,05091;0,05091;0,05091;0,0504;0,0504;0,0504
"33";100;50;0;0;1;10;0,1661;0,16609;0,16609;0,05302;0,05302;0,05302;0,05003;0,05003;0,05003;0,05014;0,05014;0,05014;0,0501;0,0501;0,0501
"34";100;50;0;0;1;2;0,11126;0,11126;0,11126;0,05148;0,05148;0,05148;0,04849;0,04849;0,04849;0,05057;0,05057;0,05057;0,04972;0,04972;0,04972
"35";100;50;0;0;1;4;0,15134;0,15134;0,15134;0,0536;0,0536;0,0536;0,05098;0,05097;0,05097;0,05159;0,05159;0,05159;0,05127;0,05126;0,05126
"36";100;50;1;0;1;0,1;1;1;1;1;1;1;1;1;1;1;1;1;1;1;1
"37";100;50;1;0;1;0,25;1;1;1;1;1;1;1;1;1;1;1;1;1;1;1
"38";100;50;1;0;1;0,5;1;1;1;1;1;1;1;1;1;1;1;1;1;1;1
"39";100;50;1;0;1;1;0,99996;0,99996;0,99996;0,99995;0,99995;0,99995;0,99995;0,99995;0,99995;0,99996;0,99996;0,99996;0,99995;0,99995;0,99995
"40";100;50;1;0;1;10;0,26597;0,26597;0,26597;0,11166;0,11166;0,11166;0,10658;0,10658;0,10658;0,10679;0,10678;0,10678;0,10668;0,10668;0,10668
"41";100;50;1;0;1;2;0,95698;0,95698;0,95698;0,90869;0,90867;0,90867;0,90474;0,90474;0,90474;0,90732;0,90732;0,90732;0,90631;0,90631;0,90631
"42";100;50;1;0;1;4;0,61479;0,61478;0,61478;0,40877;0,40877;0,40877;0,39944;0,39944;0,39944;0,40166;0,40166;0,40166;0,40064;0,40063;0,40063
"43";20;100;0;0;1;0,1;0,37993;0,37993;0,37993;0,05012;0,0501200000000001;0,0501200000000001;0,06198;0,06198;0,06198;0,05043;0,05043;0,05043;0,05019;0,05018;0,05018
"44";20;100;0;0;1;0,25;0,32713;0,32712;0,32712;0,04895;0,04895;0,04895;0,06085;0,06085;0,06085;0,05085;0,05085;0,05085;0,04936;0,04936;0,04936
"45";20;100;0;0;1;0,5;0,20276;0,20276;0,20276;0,04928;0,04928;0,04928;0,06094;0,06094;0,06094;0,05484;0,05484;0,05484;0,05077;0,05077;0,05077
"46";20;100;0;0;1;1;0,04949;0,04949;0,04949;0,04546;0,0454599999999999;0,0454599999999999;0,05704;0,05703;0,05703;0,05593;0,05593;0,05593;0,05045;0,05044;0,05044
"47";20;100;0;0;1;10;3e-05;2,99999999999745e-05;2,99999999999745e-05;0,038;0,038;0,038;0,04942;0,04942;0,04942;0,04948;0,04948;0,04948;0,04972;0,04972;0,04972
"48";20;100;0;0;1;2;0,0031;0,00309999999999999;0,00309999999999999;0,04136;0,04135;0,04135;0,05216;0,05216;0,05216;0,0525;0,0525;0,0525;0,0503;0,0503;0,0503
"49";20;100;0;0;1;4;0,00025;0,000249999999999972;0,000249999999999972;0,03841;0,0384100000000001;0,0384100000000001;0,04957;0,04956;0,04956;0,04978;0,04978;0,04978;0,04978;0,04978;0,04978
"50";20;100;1;0;1;0,1;0,99979;0,99979;0,99979;0,98947;0,98947;0,98947;0,99243;0,99243;0,99243;0,98956;0,98956;0,98956;0,9895;0,98949;0,98949
"51";20;100;1;0;1;0,25;0,99984;0,99984;0,99984;0,98908;0,98908;0,98908;0,99198;0,99198;0,99198;0,98936;0,98936;0,98936;0,98913;0,98913;0,98913
"52";20;100;1;0;1;0,5;0,99899;0,99899;0,99899;0,98679;0,98679;0,98679;0,99013;0,99013;0,99013;0,98818;0,98818;0,98818;0,98719;0,98719;0,98719
"53";20;100;1;0;1;1;0,98072;0,98072;0,98072;0,97289;0,97289;0,97289;0,97927;0,97927;0,97927;0,97821;0,97821;0,97821;0,97533;0,97533;0,97533
"54";20;100;1;0;1;10;0,00073;0,000730000000000008;0,000730000000000008;0,13827;0,13827;0,13827;0,16386;0,16386;0,16386;0,16393;0,16393;0,16393;0,1642;0,1642;0,1642
"55";20;100;1;0;1;2;0,62033;0,62031;0,62031;0,8921;0,8921;0,8921;0,91035;0,91035;0,91035;0,91077;0,91077;0,91077;0,90657;0,90656;0,90656
"56";20;100;1;0;1;4;0,04871;0,04869;0,04869;0,53594;0,53594;0,53594;0,57913;0,57913;0,57913;0,58017;0,58017;0,58017;0,58018;0,58016;0,58016
"57";20;20;0;0;1;0,1;0,0571;0,0571;0,0571;0,04981;0,04981;0,04981;0,04981;0,04981;0,04981;0,05018;0,05018;0,05018;0,05018;0,05018;0,05018
"58";20;20;0;0;1;0,25;0,05649;0,05648;0,05648;0,04926;0,04926;0,04926;0,04926;0,04926;0,04926;0,05109;0,05109;0,05109;0,05109;0,05109;0,05109
"59";20;20;0;0;1;0,5;0,05317;0,0531700000000001;0,0531700000000001;0,04622;0,04622;0,04622;0,04622;0,04621;0,04621;0,05088;0,05087;0,05087;0,05088;0,05087;0,05087
"60";20;20;0;0;1;1;0,04988;0,04988;0,04988;0,04317;0,04317;0,04317;0,04317;0,04317;0,04317;0,04956;0,04956;0,04956;0,04956;0,04956;0,04956
"61";20;20;0;0;1;10;0,05687;0,05687;0,05687;0,04976;0,04976;0,04976;0,04976;0,04976;0,04976;0,05007;0,0500699999999999;0,0500699999999999;0,05007;0,0500699999999999;0,0500699999999999
"62";20;20;0;0;1;2;0,05358;0,05358;0,05358;0,04641;0,04641;0,04641;0,04641;0,04641;0,04641;0,05115;0,05115;0,05115;0,05115;0,05115;0,05115
"63";20;20;0;0;1;4;0,05672;0,05671;0,05671;0,04962;0,04962;0,04962;0,04962;0,04962;0,04962;0,05161;0,0516;0,0516;0,05161;0,0516;0,0516
"64";20;20;1;0;1;0,1;0,99099;0,99099;0,99099;0,9892;0,98919;0,98919;0,9892;0,9892;0,9892;0,98928;0,98928;0,98928;0,98928;0,98928;0,98928
"65";20;20;1;0;1;0,25;0,98824;0,98824;0,98824;0,9859;0,98589;0,98589;0,9859;0,9859;0,9859;0,98647;0,98646;0,98646;0,98647;0,98646;0,98646
"66";20;20;1;0;1;0,5;0,97401;0,97401;0,97401;0,9693;0,9693;0,9693;0,9693;0,9693;0,9693;0,97227;0,97227;0,97227;0,97227;0,97227;0,97227
"67";20;20;1;0;1;1;0,8676;0,8676;0,8676;0,85281;0,8528;0,8528;0,85281;0,85281;0,85281;0,86705;0,86704;0,86704;0,86705;0,86704;0,86704
"68";20;20;1;0;1;10;0,07899;0,07899;0,07899;0,06985;0,06985;0,06985;0,06985;0,06985;0,06985;0,07022;0,0702199999999999;0,0702199999999999;0,07022;0,0702199999999999;0,0702199999999999
"69";20;20;1;0;1;2;0,49477;0,49477;0,49477;0,46823;0,4682;0,4682;0,46823;0,46823;0,46823;0,48536;0,48536;0,48536;0,48536;0,48536;0,48536
"70";20;20;1;0;1;4;0,19027;0,19027;0,19027;0,1733;0,1733;0,1733;0,1733;0,1733;0,1733;0,17752;0,17749;0,17749;0,17752;0,17749;0,17749
"71";20;50;0;0;1;0,1;0,21939;0,21938;0,21938;0,04931;0,04931;0,04931;0,05775;0,05775;0,05775;0,04976;0,04976;0,04976;0,04951;0,0495100000000001;0,0495100000000001
"72";20;50;0;0;1;0,25;0,19535;0,19535;0,19535;0,04976;0,04976;0,04976;0,05862;0,05862;0,05862;0,05183;0,05183;0,05183;0,05067;0,05066;0,05066
"73";20;50;0;0;1;0,5;0,13341;0,13341;0,13341;0,04718;0,04717;0,04717;0,05601;0,05599;0,05599;0,05284;0,05284;0,05284;0,05022;0,05022;0,05022
"74";20;50;0;0;1;1;0,05009;0,05009;0,05009;0,04345;0,04345;0,04345;0,0521;0,0521;0,0521;0,05285;0,05285;0,05285;0,05013;0,05013;0,05013
"75";20;50;0;0;1;10;0,00308;0,00307999999999997;0,00307999999999997;0,0411;0,0411;0,0411;0,04966;0,04966;0,04966;0,04981;0,04981;0,04981;0,04995;0,04995;0,04995
"76";20;50;0;0;1;2;0,01152;0,01152;0,01152;0,03967;0,03967;0,03967;0,04814;0,04814;0,04814;0,0495;0,0495;0,0495;0,04949;0,04949;0,04949
"77";20;50;0;0;1;4;0,00428;0,00427999999999995;0,00427999999999995;0,03994;0,03994;0,03994;0,04837;0,04837;0,04837;0,04901;0,049;0,049;0,04957;0,04957;0,04957
"78";20;50;1;0;1;0,1;0,99941;0,99941;0,99941;0,99025;0,99025;0,99025;0,9923;0,9923;0,9923;0,99029;0,99029;0,99029;0,99028;0,99028;0,99028
"79";20;50;1;0;1;0,25;0,99898;0,99897;0,99897;0,98844;0,98844;0,98844;0,99062;0,99062;0,99062;0,98875;0,98875;0,98875;0,98859;0,98859;0,98859
"80";20;50;1;0;1;0,5;0,99702;0,99702;0,99702;0,9831;0,9831;0,9831;0,98643;0,98643;0,98643;0,98484;0,98484;0,98484;0,98399;0,98399;0,98399
"81";20;50;1;0;1;1;0,96088;0,96086;0,96086;0,95099;0,95099;0,95099;0,95893;0,95893;0,95893;0,95914;0,95914;0,95914;0,95685;0,95685;0,95685
"82";20;50;1;0;1;10;0,01024;0,01024;0,01024;0,08993;0,08992;0,08992;0,10413;0,10413;0,10413;0,10436;0,10436;0,10436;0,10462;0,10462;0,10462
"83";20;50;1;0;1;2;0,56993;0,56993;0,56993;0,74984;0,74983;0,74983;0,77591;0,77591;0,77591;0,77961;0,77961;0,77961;0,77921;0,77919;0,77919
"84";20;50;1;0;1;4;0,10142;0,10139;0,10139;0,3314;0,3314;0,3314;0,36142;0,36142;0,36142;0,36335;0,36334;0,36334;0,36523;0,36521;0,36521
"85";50;100;0;0;1;0,1;0,16513;0,16513;0,16513;0,04924;0,04924;0,04924;0,05204;0,05204;0,05204;0,04942;0,04942;0,04942;0,04933;0,04933;0,04933
"86";50;100;0;0;1;0,25;0,15033;0,15033;0,15033;0,04893;0,04893;0,04893;0,0517;0,0517;0,0517;0,04973;0,04972;0,04972;0,04941;0,04941;0,04941
"87";50;100;0;0;1;0,5;0,10998;0,10998;0,10998;0,04775;0,04775;0,04775;0,05067;0,05067;0,05067;0,04993;0,04992;0,04992;0,04915;0,04915;0,04915
"88";50;100;0;0;1;1;0,05042;0,05042;0,05042;0,04762;0,04762;0,04762;0,05051;0,0505100000000001;0,0505100000000001;0,05113;0,05113;0,05113;0,05051;0,0505100000000001;0,0505100000000001
"89";50;100;0;0;1;10;0,00686;0,00685000000000002;0,00685000000000002;0,04724;0,0472399999999999;0,0472399999999999;0,05015;0,05015;0,05015;0,05021;0,05021;0,05021;0,05025;0,05025;0,05025
"90";50;100;0;0;1;2;0,01679;0,01679;0,01679;0,04561;0,04561;0,04561;0,04836;0,04836;0,04836;0,04912;0,04911;0,04911;0,04922;0,04922;0,04922
"91";50;100;0;0;1;4;0,00864;0,00863999999999998;0,00863999999999998;0,04565;0,04565;0,04565;0,04839;0,04838;0,04838;0,04867;0,04867;0,04867;0,04888;0,04887;0,04887
"92";50;100;1;0;1;0,1;1;1;1;1;1;1;1;1;1;1;1;1;1;1;1
"93";50;100;1;0;1;0,25;1;1;1;1;1;1;1;1;1;1;1;1;1;1;1
"94";50;100;1;0;1;0,5;1;1;1;1;1;1;1;1;1;1;1;1;1;1;1
"95";50;100;1;0;1;1;0,9999;0,9999;0,9999;0,9999;0,9999;0,9999;0,9999;0,9999;0,9999;0,9999;0,9999;0,9999;0,9999;0,9999;0,9999
"96";50;100;1;0;1;10;0,0401;0,0401;0,0401;0,15785;0,15785;0,15785;0,1639;0,1639;0,1639;0,16405;0,16405;0,16405;0,16418;0,16418;0,16418
"97";50;100;1;0;1;2;0,95061;0,95061;0,95061;0,98051;0,98051;0,98051;0,98156;0,98156;0,98156;0,9819;0,98189;0,98189;0,98193;0,98193;0,98193
"98";50;100;1;0;1;4;0,38191;0,38189;0,38189;0,63968;0,63966;0,63966;0,64902;0,64902;0,64902;0,64993;0,64992;0,64992;0,65083;0,65082;0,65082
"99";50;20;0;0;1;0,1;0,00315;0,00314999999999999;0,00314999999999999;0,04955;0,04955;0,04955;0,04104;0,04104;0,04104;0,04964;0,04964;0,04964;0,04979;0,04979;0,04979
"100";50;20;0;0;1;0,25;0,00454;0,00453999999999999;0,00453999999999999;0,04952;0,04952;0,04952;0,04112;0,04112;0,04112;0,05016;0,05016;0,05016;0,05069;0,05069;0,05069
"101";50;20;0;0;1;0,5;0,01161;0,01161;0,01161;0,04839;0,04839;0,04839;0,03992;0,03992;0,03992;0,04977;0,04977;0,04977;0,04972;0,04972;0,04972
"102";50;20;0;0;1;1;0,05046;0,0504599999999999;0,0504599999999999;0,05322;0,05321;0,05321;0,0442;0,0442;0,0442;0,05394;0,05394;0,05394;0,05146;0,05146;0,05146
"103";50;20;0;0;1;10;0,22338;0,22338;0,22338;0,05931;0,05931;0,05931;0,05043;0,05043;0,05043;0,05079;0,05079;0,05079;0,05053;0,05053;0,05053
"104";50;20;0;0;1;2;0,13414;0,13413;0,13413;0,05681;0,05681;0,05681;0,04875;0,04875;0,04875;0,05383;0,05383;0,05383;0,05133;0,05133;0,05133
"105";50;20;0;0;1;4;0,19516;0,19516;0,19516;0,05777;0,05777;0,05777;0,04896;0,04895;0,04895;0,05092;0,05092;0,05092;0,04982;0,04982;0,04982
"106";50;20;1;0;1;0,1;0,99988;0,99988;0,99988;1;1;1;1;1;1;1;1;1;1;1;1
"107";50;20;1;0;1;0,25;0,99972;0,99972;0,99972;1;1;1;1;1;1;1;1;1;1;1;1
"108";50;20;1;0;1;0,5;0,99827;0,99827;0,99827;0,99987;0,99987;0,99987;0,99981;0,99981;0,99981;0,99989;0,99989;0,99989;0,99989;0,99989;0,99989
"109";50;20;1;0;1;1;0,96235;0,96234;0,96234;0,96036;0,96035;0,96035;0,95293;0,95293;0,95293;0,96054;0,96054;0,96054;0,95848;0,95848;0,95848
"110";50;20;1;0;1;10;0,26207;0,26207;0,26207;0,08108;0,08107;0,08107;0,06997;0,06997;0,06997;0,07039;0,07039;0,07039;0,07012;0,07011;0,07011
"111";50;20;1;0;1;2;0,72717;0,72716;0,72716;0,55269;0,55269;0,55269;0,52161;0,52161;0,52161;0,5392;0,5392;0,5392;0,53036;0,53034;0,53034
"112";50;20;1;0;1;4;0,42282;0,42282;0,42282;0,19899;0,19898;0,19898;0,17794;0,17794;0,17794;0,18228;0,18228;0,18228;0,18001;0,18001;0,18001
"113";50;50;0;0;1;0,1;0,05247;0,05247;0,05247;0,04969;0,0496799999999999;0,0496799999999999;0,04969;0,04969;0,04969;0,04979;0,04979;0,04979;0,04979;0,04979;0,04979
"114";50;50;0;0;1;0,25;0,05162;0,05162;0,05162;0,04884;0,04884;0,04884;0,04884;0,04884;0,04884;0,04953;0,04952;0,04952;0,04953;0,04952;0,04952
"115";50;50;0;0;1;0,5;0,0506;0,0506;0,0506;0,04827;0,04827;0,04827;0,04827;0,04827;0,04827;0,04978;0,04978;0,04978;0,04978;0,04978;0,04978
"116";50;50;0;0;1;1;0,04959;0,04959;0,04959;0,04684;0,04684;0,04684;0,04684;0,04684;0,04684;0,04955;0,04955;0,04955;0,04955;0,04955;0,04955
"117";50;50;0;0;1;10;0,05423;0,05422;0,05422;0,05138;0,05137;0,05137;0,05138;0,05138;0,05138;0,05147;0,05147;0,05147;0,05147;0,05147;0,05147
"118";50;50;0;0;1;2;0,05105;0,05105;0,05105;0,04826;0,04826;0,04826;0,04826;0,0482399999999999;0,0482399999999999;0,05018;0,05018;0,05018;0,05018;0,05018;0,05018
"119";50;50;0;0;1;4;0,05142;0,05142;0,05142;0,04862;0,04862;0,04862;0,04862;0,04862;0,04862;0,04928;0,04928;0,04928;0,04928;0,04928;0,04928
"120";50;50;1;0;1;0,1;1;1;1;1;1;1;1;1;1;1;1;1;1;1;1
"121";50;50;1;0;1;0,25;1;1;1;1;1;1;1;1;1;1;1;1;1;1;1
"122";50;50;1;0;1;0,5;1;1;1;1;1;1;1;1;1;1;1;1;1;1;1
"123";50;50;1;0;1;1;0,99884;0,99884;0,99884;0,99874;0,99874;0,99874;0,99874;0,99874;0,99874;0,99884;0,99884;0,99884;0,99884;0,99884;0,99884
"124";50;50;1;0;1;10;0,10996;0,10996;0,10996;0,10551;0,10551;0,10551;0,10551;0,10551;0,10551;0,10574;0,10574;0,10574;0,10574;0,10574;0,10574
"125";50;50;1;0;1;2;0,87813;0,87813;0,87813;0,87277;0,87275;0,87275;0,87277;0,87277;0,87277;0,87611;0,8761;0,8761;0,87611;0,8761;0,8761
"126";50;50;1;0;1;4;0,39688;0,39687;0,39687;0,38695;0,38695;0,38695;0,38695;0,38695;0,38695;0,38907;0,38905;0,38905;0,38907;0,38905;0,38905
