m.diff	sd.ratio	n1	n.ratio	exp_cohen	exp_glass1	exp_glass2	exp_cohenprime	exp_shieh	var_cohen	var_glass1	var_glass2	var_cohenprime	var_shieh
0	10	100	1	0,001	0,001	0,009	0,001	0,001	1,011	1,001	1	1,001	1,001
0	4	100	1	0,001	0,001	0,002	0,001	0	1,005	0,997	0,997	0,997	0,997
0	2	100	1	0	0	0	0	0	1,007	1,003	1,003	1,004	1,004
0	0,1	100	1	0,001	0,01	0,001	0,001	0,001	1,008	0,998	0,998	0,998	0,998
0	0,5	100	1	0	0	0	0	0	1,006	1,002	1,002	1,002	1,002
0	0,25	100	1	0	0	0	0	0	1,007	0,998	0,999	0,999	0,999
1	10	100	1	0,004	0,001	0,004	0,001	0	1,193	0,987	0,985	0,987	0,987
1	4	100	1	0,004	0	0	0	0	1,148	0,988	0,988	0,989	0,989
1	2	100	1	0,001	0,001	0,002	0,001	0	1,052	0,986	0,988	0,988	0,988
1	0,1	100	1	0	0,003	0	0	0	1,017	1,003	1,004	1,004	1,004
1	0,5	100	1	0,001	0,001	0	0	0	1,014	0,993	0,993	0,993	0,993
1	0,25	100	1	0,001	0	0	0	0	1,017	0,996	0,998	0,998	0,998
2	10	100	1	0,009	0,001	0,009	0,002	0,001	1,484	0,986	0,978	0,986	0,986
2	4	100	1	0,007	0,001	0,002	0,001	0,001	1,373	0,983	0,988	0,984	0,984
2	2	100	1	0,003	0	0,001	0	0	1,144	0,98	0,982	0,982	0,982
2	0,1	100	1	0	0,005	0,001	0,001	0	1,018	0,999	0,999	0,999	0,999
2	0,5	100	1	0,002	0,001	0	0	0	1,052	0,99	0,986	0,988	0,988
2	0,25	100	1	0,002	0	0	0	0	1,061	1,001	1,008	1,008	1,008
3	10	100	1	0,015	0	0,006	0,001	0	1,654	0,976	0,976	0,976	0,976
3	4	100	1	0,013	0	0,005	0	0	1,516	0,978	0,975	0,979	0,979
3	2	100	1	0,005	0	0,003	0	0	1,212	0,98	0,971	0,981	0,981
3	0,1	100	1	0,001	0,004	0	0,001	0	1,034	1,002	1,002	1,002	1,002
3	0,5	100	1	0,002	0,001	0	0	0	1,114	0,988	0,996	0,997	0,997
3	0,25	100	1	0,002	0	0,001	0,001	0	1,09	0,995	0,988	0,989	0,989
4	10	100	1	0,019	0,001	0,004	0,002	0,001	1,753	0,974	0,974	0,974	0,974
4	4	100	1	0,014	0,002	0,001	0,003	0,001	1,593	0,973	0,969	0,974	0,974
4	2	100	1	0,007	0,001	0	0	0	1,243	0,97	0,977	0,972	0,972
4	0,1	100	1	0,004	0,009	0,001	0,001	0,001	1,044	0,995	0,996	0,996	0,996
4	0,5	100	1	0,002	0,003	0,001	0,001	0,001	1,152	0,981	0,988	0,989	0,989
4	0,25	100	1	0,003	0,003	0	0,001	0	1,152	0,992	0,991	0,993	0,993
0	10	20	1	0,001	0,001	0,003	0,001	0	1,06	1,004	0,991	1,004	1,004
0	4	20	1	0,001	0,001	0,003	0,001	0,001	1,049	1,004	0,991	1,005	1,005
0	2	20	1	0	0	0	0	0	1,024	1,002	0,995	1,004	1,004
0	0,1	20	1	0,001	0,008	0,001	0,001	0,001	1,052	0,986	0,996	0,996	0,996
0	0,5	20	1	0	0	0	0	0	1,027	0,996	1,005	1,007	1,007
0	0,25	20	1	0,001	0,002	0,001	0,001	0	1,046	0,991	1,001	1,002	1,002
1	10	20	1	0,022	0,004	0,051	0,006	0,003	1,242	0,959	0,947	0,96	0,96
1	4	20	1	0,015	0,006	0,021	0,007	0,003	1,169	0,953	0,95	0,959	0,959
1	2	20	1	0,004	0,005	0,011	0,005	0,002	1,061	0,966	0,96	0,978	0,978
1	0,1	20	1	0,002	0,001	0	0	0	1,055	0,984	0,996	0,996	0,996
1	0,5	20	1	0,003	0,004	0,002	0,001	0,001	1,025	0,973	0,981	0,987	0,987
1	0,25	20	1	0,004	0,004	0,001	0,001	0,001	1,056	0,985	0,997	0,999	0,999
2	10	20	1	0,044	0,009	0,094	0,012	0,006	1,501	0,918	0,913	0,919	0,919
2	4	20	1	0,032	0,009	0,041	0,011	0,006	1,359	0,916	0,907	0,92	0,92
2	2	20	1	0,01	0,009	0,017	0,008	0,004	1,104	0,915	0,917	0,93	0,93
2	0,1	20	1	0,004	0,012	0,001	0,002	0,001	1,074	0,996	1,005	1,006	1,006
2	0,5	20	1	0,006	0,007	0,004	0,003	0,001	1,049	0,947	0,957	0,967	0,967
2	0,25	20	1	0,007	0,012	0,003	0,004	0,002	1,082	0,971	0,985	0,988	0,988
3	10	20	1	0,063	0,015	0,154	0,021	0,011	1,662	0,901	0,89	0,902	0,902
3	4	20	1	0,047	0,015	0,06	0,017	0,009	1,474	0,895	0,887	0,899	0,899
3	2	20	1	0,015	0,015	0,028	0,013	0,006	1,138	0,894	0,903	0,906	0,906
3	0,1	20	1	0,004	0,036	0,003	0,005	0,002	1,075	0,979	0,992	0,993	0,993
3	0,5	20	1	0,007	0,016	0,008	0,007	0,004	1,075	0,927	0,932	0,944	0,944
3	0,25	20	1	0,012	0,016	0,003	0,004	0,002	1,134	0,967	0,98	0,984	0,984
4	10	20	1	0,079	0,024	0,221	0,034	0,017	1,741	0,89	0,883	0,89	0,89
4	4	20	1	0,066	0,018	0,076	0,021	0,01	1,54	0,888	0,887	0,891	0,891
4	2	20	1	0,018	0,02	0,04	0,019	0,009	1,159	0,89	0,888	0,894	0,894
4	0,1	20	1	0,009	0,018	0,001	0,002	0,001	1,097	0,975	0,995	0,995	0,995
4	0,5	20	1	0,009	0,022	0,009	0,009	0,005	1,097	0,92	0,917	0,924	0,924
4	0,25	20	1	0,015	0,017	0,006	0,007	0,003	1,166	0,945	0,951	0,956	0,956
0	10	50	1	0	0	0,002	0	0	1,012	0,992	0,991	0,992	0,992
0	4	50	1	0	0	0	0	0	1,014	0,998	0,997	0,998	0,998
0	2	50	1	0,001	0,001	0,001	0,001	0	1,011	1,003	1,003	1,004	1,004
0	0,1	50	1	0	0,003	0	0	0	1,028	1,003	1,007	1,007	1,007
0	0,5	50	1	0,001	0,001	0	0,001	0	1,006	0,997	0,999	0,999	0,999
0	0,25	50	1	0,001	0,003	0,001	0,001	0,001	1,015	0,994	0,999	0,999	0,999
1	10	50	1	0,009	0,001	0,011	0,001	0,001	1,209	0,985	0,977	0,985	0,985
1	4	50	1	0,007	0,001	0,003	0,001	0	1,152	0,979	0,976	0,98	0,98
1	2	50	1	0,003	0,001	0,002	0,001	0	1,048	0,977	0,972	0,98	0,98
1	0,1	50	1	0,002	0,006	0,001	0,001	0	1,017	0,993	0,995	0,995	0,995
1	0,5	50	1	0,001	0,001	0,001	0,001	0	1,023	0,993	0,997	0,998	0,998
1	0,25	50	1	0,001	0,001	0,001	0,001	0	1,017	0,987	0,989	0,989	0,989
2	10	50	1	0,019	0,002	0,023	0,002	0,001	1,475	0,961	0,968	0,961	0,961
2	4	50	1	0,015	0,001	0,005	0,001	0,001	1,357	0,957	0,965	0,959	0,959
2	2	50	1	0,005	0,003	0,002	0,002	0,001	1,133	0,964	0,963	0,969	0,969
2	0,1	50	1	0,002	0,001	0	0	0	1,024	0,993	0,994	0,994	0,994
2	0,5	50	1	0,003	0	0	0	0	1,049	0,978	0,976	0,981	0,981
2	0,25	50	1	0,004	0	0	0	0	1,054	0,993	0,991	0,992	0,992
3	10	50	1	0,031	0	0,012	0,001	0	1,659	0,96	0,957	0,96	0,96
3	4	50	1	0,02	0,004	0,015	0,005	0,002	1,492	0,949	0,953	0,95	0,95
3	2	50	1	0,008	0,002	0,008	0,002	0,001	1,196	0,96	0,952	0,964	0,964
3	0,1	50	1	0,003	0,002	0	0	0	1,046	0,996	1,003	1,003	1,003
3	0,5	50	1	0,005	0,003	0,001	0	0	1,101	0,977	0,976	0,981	0,981
3	0,25	50	1	0,005	0,005	0,001	0,002	0,001	1,1	0,986	0,987	0,988	0,988
4	10	50	1	0,038	0,003	0,028	0,005	0,002	1,752	0,955	0,951	0,955	0,955
4	4	50	1	0,031	0,002	0,006	0,002	0,001	1,585	0,954	0,951	0,956	0,956
4	2	50	1	0,012	0,004	0,001	0,002	0,001	1,234	0,958	0,95	0,962	0,962
4	0,1	50	1	0,004	0,005	0	0	0	1,049	0,986	0,989	0,989	0,989
4	0,5	50	1	0,007	0,002	0	0	0	1,137	0,966	0,966	0,971	0,971
4	0,25	50	1	0,007	0,003	0,001	0,002	0,001	1,151	0,979	0,978	0,98	0,98
			max	0,079	0,036	0,221	0,034	0,017	1,753	1,004	1,008	1,008	1,008
			min	0	0	0	0	0	1,005	0,888	0,883	0,89	0,89
			mean	0,01	0,005	0,012	0,003	0,002	1,175	0,973	0,974	0,978	0,978
			sd	0,015	0,007	0,032	0,006	0,003	0,208	0,03	0,032	0,029	0,029
